{
  EntryA_attempt5: 2026-05-19 12:00:31.0199399 +0,
  EntryB_attempt5: 2026-05-19 12:00:31.501295 +0,
  EntryA_attempt5_again: 2026-05-19 12:00:31.0199399 +0
}